function [tau] = f_cc(x)
p1 = 0.000104;
p2 = -0.0005558;
p3 = -0.0001706;
p4 = 0.006518;
p5 = -0.004605;
p6 = -0.02907;
p7 = 0.04609;
p8 = -0.06999;

tau = p1.*x.^7 + p2.*x.^6 + p3.*x.^5 + p4.*x.^4 + p5.*x.^3 + p6.*x.^2 + p7.*x.^1 + p8;
end

