function [tau] = f_clock(x)
p1 = 0.0008714;
p2 = -0.006874;
p3 = 0.01367;
p4 = 0.01052;
p5 = -0.03569;
p6 = -0.02146;
p7 = 0.0501;
p8 = 0.0751;

tau = p1.*x.^7 + p2.*x.^6 + p3.*x.^5 + p4.*x.^4 + p5.*x.^3 + p6.*x.^2 + p7.*x.^1 + p8;
end

