function [tau] = f_clock(x)
p1 = 0.0008714;
p2 = -0.006874;
p3 = 0.01367;
p4 = 0.01052;
p5 = -0.03569;
p6 = -0.02146;
p7 = 0.0501;
p8 = 0.0751;

p1 = p1 + 0.000104;
p2 = p2 -0.0005558;
p3 = p3 -0.0001706;
p4 = p4 + 0.006518;
p5 = p5 -0.004605;
p6 = p6 -0.02907;
p7 = p7 +0.04609;
p8 = p8 -0.06999;

p1 = p1*0.5
p2 = p2*0.5
p3 = p3*0.5
p4 = p4*0.5
p5 = p5*0.5
p6 = p6*0.5
p7 = p7*0.5
p8 = p8*0.5

tau = p1.*x.^7 + p2.*x.^6 + p3.*x.^5 + p4.*x.^4 + p5.*x.^3 + p6.*x.^2 + p7.*x.^1 + p8;
end

